name: rl
channels:
  - conda-forge
  - defaults
dependencies:
  - ca-certificates=2024.8.30=h56e8100_0
  - cloudpickle=1.6.0=py_0
  - ffmpeg=4.3.1=ha925a31_0
  - freetype=2.10.4=h546665d_1
  - future=1.0.0=pyhd8ed1ab_0
  - gym=0.19.0=py39h832f523_0
  - intel-openmp=2025.0.0=h57928b3_1164
  - libblas=3.9.0=8_mkl
  - libcblas=3.9.0=8_mkl
  - liblapack=3.9.0=8_mkl
  - libpng=1.6.39=h8cc25b3_0
  - m2w64-gcc-libgfortran=5.3.0=6
  - m2w64-gcc-libs=5.3.0=7
  - m2w64-gcc-libs-core=5.3.0=7
  - m2w64-gmp=6.1.0=2
  - m2w64-libwinpthread-git=5.0.0.4634.697f757=2
  - mkl=2020.4=hb70f87d_311
  - msys2-conda-epoch=20160418=1
  - numpy=1.23.5=py39hbccbffa_0
  - openssl=1.1.1l=h8ffe710_0
  - pip=24.2=py39haa95532_0
  - pyglet=1.5.27=py39hcbf5309_4
  - python=3.9.0=h6244533_2
  - python_abi=3.9=2_cp39
  - scipy=1.7.3=py39hc0c34ad_0
  - setuptools=75.1.0=py39haa95532_0
  - sqlite=3.45.3=h2bbff1b_0
  - ucrt=10.0.22621.0=h57928b3_1
  - vc=14.40=h2eaa2aa_1
  - vs2015_runtime=14.40.33807=h98bb1dd_1
  - wheel=0.44.0=py39haa95532_0
  - zlib=1.2.13=h8cc25b3_1
  - pip:
    - contourpy==1.3.0
    - cycler==0.12.1
    - fonttools==4.54.1
    - importlib-resources==6.4.5
    - kiwisolver==1.4.7
    - matplotlib==3.9.2
    - packaging==24.2
    - pandas==2.2.3
    - pillow==11.0.0
    - pyparsing==3.2.0
    - python-dateutil==2.9.0.post0
    - pytz==2024.2
    - six==1.16.0
    - tzdata==2024.2
    - zipp==3.21.0
